3 4 2 11 9 1 14 8 10 10 12 17 13 1 4 5 5
17 13 15 7 9 1 14 12 11 4 11 15 2 10 3 8 8
7 15 9 1 5 4 16 3 12 9 6 8 8 11 2 14 13
10 17 10 15 16 16 13 11 3 1 7 10 14 3 8 12 12
9 7 3 4 4 11 10 13 2 8 10 14 7 5 1 6 6
8 5 14 14 2 3 12 4 13 3 1 7 15 10 16 7 4
4 2 14 13 11 12 15 1 7 6 15 16 9 8 11 17 9
5 5 11 1 12 14 2 6 6 6 4 3 10 14 9 3 7
8 1 4 12 6 10 9 16 9 13 9 5 3 17 10 2 11
1 3 5 6 10 7 8 16 16 16 13 4 6 7 12 4 14
2 12 11 10 12 17 5 15 7 16 8 6 13 9 1 3 2
14 14 17 5 7 2 11 5 4 1 15 12 16 2 6 9 16
6 6 13 2 17 8 17 10 17 7 5 12 16 15 1 11 11
13 10 2 9 14 4 1 3 8 15 12 11 5 13 7 16 17
12 15 1 8 8 6 5 14 17 11 3 2 1 16 13 10 3
17 11 6 16 16 3 7 8 1 2 2 5 12 4 14 9 10
11 16 12 3 3 5 4 7 7 17 8 9 4 6 2 13 1