1 12 12 8 15 10 9 2 11 17 11 16 11 4 7 13 7
6 12 12 6 2 4 10 7 7 7 9 5 14 5 16 3 8
5 2 8 15 13 4 13 3 11 9 11 12 11 14 7 16 7
11 1 9 5 8 4 14 13 16 10 10 10 2 12 6 3 15
10 17 10 2 13 12 13 6 8 16 14 15 4 1 4 11 5
14 5 1 5 12 2 17 8 13 6 7 6 15 9 9 9 3
10 13 10 3 9 16 15 14 15 11 12 1 4 7 4 2 17
13 3 6 17 14 2 16 4 10 4 1 8 8 8 11 5 7
16 16 5 7 9 6 15 12 15 13 8 2 4 17 10 10 11
16 16 15 17 11 5 4 8 14 12 2 3 6 13 10 10 1
2 11 7 14 7 5 7 16 3 12 3 4 9 3 8 6 10
8 10 13 9 6 5 2 17 4 12 15 3 7 11 1 7 14
2 6 4 9 7 8 7 11 17 3 12 13 17 16 1 14 10
3 1 11 9 4 14 12 5 2 5 6 15 13 15 17 8 16
17 15 3 4 5 11 1 1 1 2 16 14 16 6 12 8 12
4 4 16 10 10 7 11 5 12 5 13 15 1 15 3 8 6
4 4 3 10 10 13 6 15 6 14 16 7 16 2 12 1 1